-3.932196e+00 -3.972468e+00
3.331814e+00 -4.806719e+00
1.061831e+00 2.634967e+00
-3.807934e+00 8.358126e-01
-2.972468e+00 3.320772e+00
3.309649e+00 -3.585997e+00
1.993890e+00 2.991002e+00
-3.235535e+00 1.482990e+00
2.586617e+00 -3.334730e+00
2.962578e+00 -4.312391e+00
2.767192e+00 -5.386542e+00
-2.965488e+00 -3.914704e+00
2.949827e+00 3.230948e+00
-2.793087e+00 3.070883e+00
1.312702e+00 2.282249e+00
-3.624010e+00 -3.961402e+00
2.655828e+00 2.972590e+00
-2.776797e+00 4.086454e+00
-3.329536e+00 2.011035e+00
-2.891144e+00 3.596534e+00
2.750149e+00 -4.134254e+00
-2.860434e+00 -3.731191e+00
4.497862e+00 2.922502e+00
2.813892e+00 2.885178e+00
-2.643949e+00 4.123343e+00
4.290577e+00 3.067094e+00
2.772251e+00 -3.705297e+00
2.992638e+00 2.598377e+00
2.724474e+00 3.016685e+00
3.051945e+00 -3.945697e+00
-3.029498e+00 3.195431e+00
-6.603308e-01 -3.081864e+00
2.353750e+00 2.957271e+00
2.977369e+00 -4.644618e+00
-3.538770e+00 -4.107205e+00
2.667078e+00 3.145409e+00
-3.069630e+00 3.569203e+00
2.021045e+00 2.367835e+00
3.238164e+00 -2.983628e+00
-2.180871e+00 -3.857631e+00
-3.287138e+00 2.437425e+00
3.996962e+00 3.493841e+00
-2.927086e+00 -4.477157e+00
2.238863e+00 -5.735976e+00
-3.243085e+00 -4.145489e+00
-5.914183e+00 -4.212218e+00
-3.523967e+00 -3.876424e+00
2.863150e+00 2.848181e+00
2.914963e+00 -5.539882e+00
2.683014e+00 -4.098395e+00
-2.179449e+00 -3.690986e+00
4.085463e+00 3.253231e+00
-2.757290e+00 -4.082982e+00
-1.786704e+00 -3.864658e+00
-4.608331e+00 -4.414310e+00
-2.954156e+00 3.245496e+00
-3.287914e+00 3.290189e+00
-3.275988e+00 2.440001e+00
-1.299609e+00 -3.787536e+00
1.931195e+00 2.863187e+00
2.475713e+00 3.301494e+00
3.143646e+00 -3.245903e+00
3.294929e+00 2.560776e+00
-2.911749e+00 -3.758793e+00
-4.693448e+00 -3.923413e+00
-4.219451e+00 -4.457177e+00
-2.775159e+00 -3.471718e+00
-3.265303e+00 4.239702e+00
2.917096e+00 -4.380357e+00
-2.876785e+00 3.083004e+00
2.771608e+00 2.560472e+00
-3.417071e+00 -3.693243e+00
3.552460e+00 2.960176e+00
-2.948457e+00 3.531248e+00
2.275107e+00 2.876054e+00
2.925747e+00 -3.869187e+00
3.119597e+00 -3.620020e+00
3.336566e+00 -3.598590e+00
3.164644e+00 -4.228114e+00
2.756774e+00 3.190495e+00
4.153787e+00 2.832323e+00
-2.614744e+00 3.389951e+00
-3.285368e+00 1.649739e+00
2.800726e+00 -3.821471e+00
1.731912e+00 2.605180e+00
-4.686223e+00 -4.306219e+00
-2.566435e+00 4.648733e+00
3.144060e+00 -4.148494e+00
3.138131e+00 -2.499912e+00
-3.986639e+00 -4.735529e+00
-3.645176e+00 3.162469e-01
2.735269e+00 2.514085e+00
-3.599006e+00 -4.359143e+00
-1.791792e+00 -3.689057e+00
2.408567e+00 -5.669670e+00
1.032277e+00 2.565523e+00
3.707003e+00 3.082365e+00
-4.191721e+00 -4.119707e+00
1.213596e+00 2.637409e+00
-4.049192e+00 -4.487943e+00
4.239991e+00 3.143601e+00
2.742940e+00 -5.245928e+00
-2.858581e+00 3.497020e+00
-2.733638e+00 3.933138e+00
3.005252e+00 -3.522199e+00
-2.594741e+00 -3.521689e+00
1.979680e+00 -6.119094e+00
-3.609815e+00 9.822564e-01
-2.896463e+00 3.172389e+00
3.335197e+00 -3.033397e+00
-2.920646e+00 2.358767e+00
-2.952715e+00 4.271091e+00
2.891801e+00 -4.767228e+00
-6.958566e-01 -3.314410e+00
1.759727e+00 2.616425e+00
-3.306307e+00 1.909151e+00
2.834712e+00 2.597715e+00
3.444202e+00 -3.493442e+00
-2.559999e+00 3.794970e+00
-2.575323e+00 -3.392673e+00
2.728506e+00 -4.290547e+00
-1.176382e+00 -3.582162e+00
3.025835e+00 -2.921057e+00
4.599578e+00 3.385253e+00
3.345284e+00 -1.932552e+00
2.651781e+00 3.194900e+00
-3.168759e+00 2.132874e+00
2.517883e+00 -4.313693e+00
3.171503e+00 -2.982010e+00
2.710993e+00 3.296695e+00
-2.885275e+00 -4.741281e+00
1.464137e+00 2.481617e+00
2.852611e+00 -4.889386e+00
3.200714e+00 3.042547e+00
-3.638587e+00 -3.853142e+00
-4.025134e+00 -4.277281e+00
-3.062345e+00 2.975945e+00
-2.206994e+00 -4.003410e+00
3.153211e+00 -4.053235e+00
2.802728e+00 -3.374654e+00
-2.937429e+00 3.054407e+00
-2.886359e+00 -3.997941e+00
3.054766e+00 -3.640079e+00
-4.335875e+00 -4.556673e+00
2.397220e+00 -4.443479e+00
3.737133e+00 3.010155e+00
-2.867649e+00 -3.803425e+00
2.758277e+00 -4.695775e+00
3.524273e+00 2.924371e+00
-3.064820e+00 2.584023e+00
3.414661e+00 2.986813e+00
2.997325e+00 -4.768910e+00
4.317132e+00 3.352136e+00
2.388621e+00 3.134434e+00
7.490574e-01 2.688521e+00
1.956495e+00 2.454148e+00
3.182356e+00 -3.452255e+00
-3.131187e+00 3.145860e+00
2.969840e+00 3.099233e+00
2.738586e+00 -4.145502e+00
-5.789901e-01 -3.571884e+00
3.080857e+00 -4.002208e+00
-2.805103e+00 4.510927e+00
-3.099981e+00 2.148054e+00
4.327888e+00 3.055987e+00
3.507197e+00 -2.482466e+00
2.830399e+00 -3.405524e+00
2.739757e+00 -4.746645e+00
3.040121e+00 -3.716296e+00
3.690766e+00 3.279102e+00
3.121277e+00 -2.809147e+00
-3.097764e+00 -4.049397e+00
2.823556e+00 -5.664642e+00
3.484258e+00 3.380072e+00
2.386966e+00 3.079978e+00
-2.334451e+00 -4.071344e+00
-3.220619e+00 2.874982e+00
-3.628585e+00 -4.325122e+00
-3.052775e+00 3.006983e+00
2.747041e+00 -3.899852e+00
-3.215113e+00 2.804033e+00
-1.978833e+00 -3.831562e+00
3.777354e+00 2.891035e+00
3.271986e+00 -3.310041e+00
-2.265761e+00 -3.748110e+00
3.286899e+00 -1.763165e+00
2.829379e+00 -4.987161e+00
-2.884267e+00 -3.701020e+00
3.193861e+00 -3.764972e+00
3.062319e+00 -4.210526e+00
2.948601e+00 3.043700e+00
2.757381e+00 -3.985360e+00
4.908304e+00 3.172805e+00
2.642068e+00 -4.347037e+00
2.896587e+00 -3.904411e+00
-3.696875e+00 -4.119388e+00
-3.502066e+00 -3.805677e+00
2.776203e+00 3.015030e+00
5.107261e+00 3.324504e+00
-3.048787e+00 2.275789e+00
-3.110477e+00 -4.141640e+00
2.806023e+00 -4.626763e+00
1.847315e+00 2.875225e+00
-1.511565e+00 -3.908626e+00
2.667180e+00 3.089277e+00
-2.686882e+00 3.541816e+00
-3.041872e+00 2.160590e+00
-2.552303e+00 -4.259583e+00
-2.731212e+00 4.016950e+00
2.595108e+00 2.742675e+00
-5.100475e+00 -4.145517e+00
3.161815e+00 -3.632882e+00
3.413239e+00 -3.134543e+00
2.599700e+00 -4.894880e+00
-3.222532e+00 2.310055e+00
-4.355115e+00 -4.087001e+00
-3.144107e+00 -4.072345e+00
-3.607454e+00 1.384668e+00
-2.942807e+00 3.083731e+00
-3.079444e+00 2.055283e+00
2.973207e+00 3.279912e+00
-2.170947e+00 -3.983891e+00
4.596644e+00 3.377934e+00
3.307257e+00 -3.449647e+00
3.020307e+00 -3.452821e+00
2.119863e+00 2.691890e+00
-5.026865e+00 -4.087036e+00
3.468048e+00 3.379312e+00
-3.524706e+00 9.816713e-01
1.559765e+00 2.744326e+00
1.900142e+00 2.936717e+00
2.923995e+00 -4.308405e+00
-3.722925e+00 -4.661357e+00
1.414958e+00 2.443301e+00
-3.036678e+00 1.741477e+00
3.442625e+00 -4.056775e+00
3.118848e+00 -2.518308e+00
3.642819e+00 3.509082e+00
3.478472e+00 3.294591e+00
-3.078883e+00 2.818000e+00
-2.638349e+00 -3.877852e+00
3.961921e+00 3.174102e+00
-2.366110e+00 3.214679e+00
2.680493e+00 -3.668731e+00
2.726703e+00 3.030549e+00
2.340151e+00 3.047234e+00
4.110947e+00 3.249469e+00
2.783035e+00 -5.024644e+00
3.319402e+00 -5.500174e+00
4.360575e+00 2.888370e+00
-2.943157e+00 3.116125e+00
-2.490217e+00 4.587384e+00
-2.811912e+00 4.075563e+00
4.354075e+00 3.185906e+00
3.476530e+00 2.801662e+00
-2.309478e+00 3.320858e+00
-2.846557e+00 -4.058542e+00
-2.847176e+00 -3.730129e+00
3.423507e+00 -3.153528e+00
-3.047348e+00 -3.635119e+00
-2.965226e+00 -3.841190e+00
-3.282667e+00 3.500075e+00
2.862432e+00 -4.271926e+00
-2.037409e+00 -4.352251e+00
-3.258611e+00 3.835142e+00
-3.531753e+00 -4.016200e+00
-2.706260e+00 3.046001e+00
-2.372527e+00 4.559459e+00
-3.621769e+00 -3.941183e+00
-2.531766e+00 -3.954878e+00
3.624436e+00 3.262865e+00
3.274976e+00 -3.660808e+00
-2.850636e+00 -3.897669e+00
2.531362e+00 -6.033542e+00
2.698353e+00 2.619783e+00
-3.919681e+00 -3.727263e+00
-3.057332e+00 2.336822e+00
2.636671e+00 -5.216474e+00
-2.990247e+00 -4.169308e+00
-2.834103e+00 3.168566e+00
3.528183e+00 3.049936e+00
-2.292795e+00 -4.026548e+00
3.064450e+00 -3.303150e+00
-2.999734e+00 1.370515e+00
-2.901645e+00 2.776695e+00
2.264279e+00 -5.320477e+00
-2.043931e+00 -4.213949e+00
-3.525500e+00 -4.136113e+00
3.581907e+00 2.853208e+00
2.696236e+00 3.187411e+00
-2.885406e+00 -3.810207e+00
3.210911e+00 -3.637940e+00
-2.849318e+00 3.638595e+00
-1.446126e+00 -3.664465e+00
-3.298913e+00 1.797711e+00
3.970211e+00 2.616445e+00
-2.280464e+00 -3.667155e+00
3.088352e+00 -3.693974e+00
2.397264e+00 3.001601e+00
3.515070e+00 -3.531090e+00
3.922659e+00 2.779918e+00
-3.080635e+00 3.365583e+00
-4.570103e+00 -4.250445e+00
2.960581e+00 2.690847e+00
-2.845561e+00 3.839574e+00
-3.344497e+00 -4.076062e+00
-2.394828e+00 -3.653726e+00
2.962149e+00 -4.427247e+00
4.313740e+00 3.590212e+00
3.696712e+00 3.215172e+00
2.667438e+00 -5.540193e+00
2.478173e+00 -4.833914e+00
2.683639e+00 -5.128692e+00
-3.160200e+00 3.322195e+00
3.095783e+00 2.960669e+00
-3.633110e+00 -4.152760e+00
-2.567063e+00 -3.508247e+00
-2.730305e+00 3.426511e+00
-3.108125e+00 3.704514e+00
3.011735e+00 -3.948231e+00
2.271220e+00 3.047703e+00
4.883816e+00 3.480932e+00
-3.236248e+00 -3.755903e+00
3.021842e+00 -3.726530e+00
-1.724875e+00 -3.520771e+00
-2.491508e+00 4.327458e+00
3.510754e+00 -4.256005e+00
2.550818e+00 -4.060392e+00
-2.793894e+00 4.429039e+00
-3.260070e+00 2.179031e+00
3.583371e+00 -3.777845e+00
-3.402713e+00 2.326842e+00
2.524833e+00 3.096690e+00
-3.667613e+00 -4.266962e+00
2.488708e+00 2.737817e+00
1.844167e+00 2.601576e+00
-3.228569e+00 -3.802493e+00
-3.127128e+00 2.059890e+00
2.802754e+00 3.141814e+00
-3.061752e+00 5.295897e-01
3.265037e+00 -4.143205e+00
2.223362e+00 3.039065e+00
-2.984802e+00 -4.008242e+00
3.027488e+00 2.697407e+00
-3.417023e+00 1.137862e+00
3.055579e+00 3.012383e+00
2.279031e+00 2.840659e+00
3.261356e+00 -4.202114e+00
-2.861115e+00 2.524211e+00
3.581352e+00 2.910499e+00
3.142971e+00 3.253925e+00
2.962103e+00 -3.423366e+00
-2.866174e+00 3.159474e+00
-2.618187e+00 -3.716085e+00
-2.998635e+00 2.623880e+00
-6.438546e+00 -4.868861e+00
2.746562e+00 2.670177e+00
2.590928e+00 3.015786e+00
2.565648e+00 -4.239992e+00
3.459240e+00 -3.263880e+00
-3.149994e+00 -4.435542e+00
3.106394e-01 2.571914e+00
-3.048445e+00 -4.028297e+00
-2.972189e+00 3.845701e+00
-3.201723e+00 3.511012e+00
4.714562e+00 3.350538e+00
-3.009379e+00 2.479243e+00
-3.015343e+00 3.305920e+00
-2.952270e+00 2.747076e+00
2.362496e+00 2.720553e+00
-4.183864e+00 -3.976478e+00
2.981646e+00 -4.096598e+00
2.895995e+00 2.713406e+00
-4.248710e+00 -4.436339e+00
3.435905e+00 -3.184881e+00
3.111081e+00 2.617108e+00
-3.345774e+00 -4.364115e+00
-2.611988e+00 3.270520e+00
2.755432e+00 -5.014963e+00
-3.831425e+00 -4.264623e+00
-3.045843e+00 3.114720e+00
-1.762592e+00 -3.448924e+00
-4.498528e+00 -4.559388e+00
-2.937302e+00 2.780883e+00
2.875257e+00 -3.310319e+00
-3.156226e+00 3.279843e+00
3.328657e+00 3.132768e+00
-3.035040e+00 4.360814e+00
-2.635033e+00 2.750963e+00
-3.310135e+00 2.874069e+00
2.634918e+00 -3.520189e+00
3.219188e+00 2.958073e+00
-2.751170e+00 2.906139e+00
-1.922934e-01 -3.461835e+00
2.937377e+00 2.969160e+00
-3.456564e+00 1.968037e+00
2.971658e+00 -4.757574e+00
-2.873536e+00 5.081003e+00
2.878967e+00 2.700792e+00
-2.489988e+00 -4.240606e+00
-4.362804e+00 -4.436719e+00
3.359078e+00 -2.263510e+00
2.594750e+00 -5.315185e+00
2.730441e+00 2.740261e+00
-2.384923e+00 -3.877668e+00
2.641090e+00 -5.494935e+00
3.151878e+00 -3.172991e+00
4.259811e+00 3.178608e+00
4.170219e+00 3.315299e+00
3.252168e+00 -1.857807e+00
-1.754762e+00 -3.738277e+00
-2.073882e+00 -3.558654e+00
-2.955794e+00 5.427109e+00
-2.696897e+00 2.472157e+00
2.854280e+00 -3.551700e+00
2.986321e+00 -2.666635e+00
-2.363138e+00 3.559453e+00
4.372047e+00 3.451027e+00
-3.648052e+00 -3.613029e+00
-3.302779e+00 3.217736e+00
3.188962e+00 2.729903e+00
-4.048958e+00 -4.097939e+00
-2.934786e+00 1.756738e+00
-2.738212e+00 -4.505378e+00
1.426253e+00 2.605454e+00
-4.899995e+00 -4.480137e+00
3.118425e+00 -4.660715e+00
2.716776e+00 -4.845182e+00
-4.748454e+00 -4.546457e+00
-4.703144e+00 -4.417083e+00
4.854416e+00 3.237667e+00
-3.019565e+00 -3.813227e+00
-2.829994e+00 2.568190e+00
-1.903807e+00 -3.370607e+00
2.747473e+00 -4.718158e+00
3.275556e+00 3.231157e+00
4.590766e+00 3.353031e+00
-2.966204e+00 -3.686385e+00
7.827778e-01 2.745894e+00
-4.023937e+00 -4.518362e+00
-3.225196e+00 3.553427e+00
2.962409e+00 -3.951071e+00
-2.465973e+00 -3.940781e+00
2.710262e+00 2.751165e+00
8.052209e-01 2.793865e+00
2.988307e+00 -4.555539e+00
3.312582e+00 -3.795654e+00
3.062748e+00 -2.709930e+00
2.325216e+00 -5.339917e+00
-3.620953e+00 -4.085674e+00
4.164393e+00 3.544670e+00
-2.307688e+00 -4.117167e+00
-3.456836e+00 -3.913052e+00
-2.365101e+00 5.372380e+00
-3.284126e+00 -3.599900e+00
5.366114e+00 3.266560e+00
-3.121475e+00 2.831667e+00
-3.544527e+00 -4.239967e+00
-3.552672e+00 1.994669e+00
2.156307e+00 2.729361e+00
5.096248e+00 3.183323e+00
-2.389403e+00 -4.171797e+00
-3.434827e+00 -4.279457e+00
2.883569e+00 -2.108000e+00
3.404223e+00 -2.993302e+00
3.565190e+00 3.363224e+00
-2.750191e+00 -3.772525e+00
1.754891e+00 2.908163e+00
3.305265e+00 -2.369610e+00
2.433406e+00 -5.448528e+00
1.638734e+00 2.880969e+00
3.098728e+00 -5.176639e+00
-2.311324e+00 3.455328e+00
-4.442252e+00 -4.454911e+00
4.224876e+00 3.194902e+00
2.538266e+00 -4.691218e+00
2.886025e+00 3.044772e+00
-3.202176e+00 1.869385e+00
-3.483159e+00 -4.143445e+00
3.067949e+00 -3.346932e+00
-4.453354e+00 -4.677602e+00
2.211651e+00 2.873013e+00
3.819352e+00 -2.354024e+00
3.101251e+00 -3.973685e+00
3.115953e+00 2.775083e+00
3.373715e+00 -2.452240e+00
3.913299e+00 3.255467e+00
-3.305223e+00 2.698384e+00
-3.281221e+00 -4.007580e+00
-5.446369e+00 -4.126092e+00
3.195148e+00 -3.768221e+00
-3.183606e+00 2.428481e+00
-3.504916e+00 -4.027432e+00
2.859951e+00 -4.092053e+00
2.242023e+00 2.625554e+00
-3.398623e+00 2.084959e+00
3.017684e+00 -4.030836e+00
-3.730342e+00 -4.460306e+00
-3.070964e+00 2.713458e+00
1.821740e+00 2.513752e+00
2.861187e+00 -5.240202e+00
-4.023503e+00 -3.890898e+00
3.498491e+00 3.201175e+00
-3.998163e+00 -3.878664e+00
-3.242780e+00 1.996889e+00
3.231606e+00 -3.893755e+00
2.836631e+00 -5.406458e+00
-3.209438e+00 -3.812374e+00
-2.742377e+00 3.523575e+00
2.606550e+00 3.033532e+00
-2.502453e+00 -4.199949e+00
-2.280772e+00 -3.852817e+00
-2.874749e+00 1.988674e+00
-3.009594e+00 -4.210121e+00
3.842926e+00 3.242234e+00
3.755084e+00 3.068689e+00
3.329073e+00 -4.244419e+00
3.110084e+00 2.867249e+00
2.585082e+00 2.832356e+00
3.140194e+00 2.851573e+00
-2.574737e+00 -3.511629e+00
2.313387e+00 3.151970e+00
2.755719e+00 -5.202116e+00
2.748607e+00 -4.755522e+00
2.612825e+00 -5.392985e+00
-3.337600e+00 2.939426e+00
3.012217e+00 -3.373428e+00
-4.783186e+00 -4.468318e+00
2.731194e+00 -4.333792e+00
2.922496e+00 -5.091089e+00
3.292851e+00 2.888780e+00
-3.286478e+00 3.489227e+00
-3.400908e+00 9.613273e-01
2.637679e+00 -4.799203e+00
-2.715636e+00 2.216502e+00
2.620680e+00 -4.419557e+00
3.956576e+00 2.711518e+00
-2.651421e+00 -3.761359e+00
2.398222e+00 2.916326e+00
-3.019348e+00 3.739188e+00
-5.071156e+00 -4.484271e+00
-2.659493e+00 2.323525e+00
-3.258216e+00 2.014361e+00
8.840633e-01 2.603214e+00
-3.524371e+00 1.770915e+00
2.820532e+00 2.746608e+00
1.839786e+00 2.476189e+00
2.667828e+00 -5.029756e+00
-2.973126e+00 -3.997109e+00
2.574358e+00 2.326626e+00
-2.165046e+00 -3.853995e+00
-2.841406e+00 -4.446457e+00
-1.875197e+00 -3.306838e+00
-2.735389e+00 3.596441e+00
-4.842592e+00 -4.354618e+00
-4.004286e+00 -4.384303e+00
2.332757e+00 2.626962e+00
3.558099e+00 3.200878e+00
-2.358179e+00 4.621207e+00
2.232520e+00 2.987199e+00
-3.043617e+00 -3.784141e+00
1.690707e+00 2.787794e+00
3.141632e+00 3.233512e+00
-3.161205e+00 -3.887429e+00
1.824353e+00 2.158622e+00
3.430895e+00 -1.920197e+00
1.806358e+00 3.157945e+00
-1.586070e+00 -3.771334e+00
4.016818e+00 3.079173e+00
1.691830e+00 2.725700e+00
3.869543e+00 3.289195e+00
-2.861884e+00 -4.075071e+00
-1.764091e+00 -3.783394e+00
-2.219918e+00 -3.738050e+00
-3.207547e+00 2.847308e+00
3.357074e+00 -1.975633e+00
-9.436700e-01 -3.946298e+00
2.029867e+00 3.090771e+00
-2.651192e+00 -4.339707e+00
-3.142629e+00 2.567247e+00
-2.942681e+00 1.486008e+00
3.560978e+00 -3.644410e+00
-3.224251e+00 1.817974e+00
-2.182481e+00 4.662882e+00
-2.534964e+00 -3.667599e+00
-1.953208e+00 -3.959727e+00
2.511666e+00 -5.093466e+00
-1.218646e+00 -3.893958e+00
4.198391e+00 3.151017e+00
3.384888e+00 3.455206e+00
-5.251756e+00 -4.123970e+00
2.453807e+00 3.337094e+00
-3.596381e+00 -4.437427e+00
-1.033735e+00 -3.642584e+00
3.225463e+00 -4.495679e+00
-3.074201e+00 -3.907726e+00
-3.276188e+00 2.568928e+00
2.846239e+00 -3.484161e+00
3.052800e+00 -3.982207e+00
-1.990626e+00 -3.739466e+00
-3.106852e+00 2.996559e+00
-3.274032e+00 5.952261e-01
3.253842e+00 -3.341380e+00
3.011108e+00 -5.239941e+00
2.863779e+00 3.040413e+00
3.028519e+00 -4.302987e+00
-3.392189e+00 2.178534e+00
4.577380e+00 2.948736e+00
2.544527e+00 2.958616e+00
2.887820e+00 2.824039e+00
4.442719e+00 3.912176e+00
4.297206e+00 2.892440e+00
3.339135e+00 -3.734548e+00
1.677530e+00 2.726328e+00
3.582455e+00 -3.601852e+00
-3.249853e+00 2.089011e+00
1.337582e+00 2.588045e+00
-3.139521e+00 -3.692467e+00
2.689248e+00 3.465004e+00
2.731067e+00 2.992121e+00
-2.901899e+00 2.976594e+00
-2.128371e+00 -3.358299e+00
-3.282431e+00 2.722033e+00
-2.843938e+00 -4.085382e+00
-3.316785e+00 2.190383e+00
-3.066895e+00 2.462789e+00
-3.173259e+00 3.627184e+00
2.977446e+00 -4.366616e+00
-3.221895e+00 1.755948e+00
2.753394e+00 3.175363e+00
-2.717449e+00 3.549507e+00
2.497269e+00 -4.669087e+00
3.070399e+00 3.370615e+00
3.102940e+00 3.148622e+00
1.889901e+00 2.781805e+00
3.258135e+00 3.340101e+00
-2.712410e+00 3.268484e+00
3.166033e+00 -3.305824e+00
3.559649e+00 -1.857706e+00
2.718920e+00 -4.019710e+00
2.059027e+00 2.869766e+00
-3.180921e+00 -4.238902e+00
3.244196e+00 3.091574e+00
2.927780e+00 3.087206e+00
3.217259e+00 -3.257452e+00
3.236901e+00 -5.287638e+00
2.971721e+00 3.266454e+00
-3.786088e+00 -3.960070e+00
3.051989e+00 -4.608047e+00
-2.789988e+00 1.381989e+00
3.008232e+00 -2.535708e+00
-3.667205e+00 -4.209398e+00
4.263307e+00 3.650253e+00
3.638985e+00 -3.075230e+00
3.529014e+00 -4.714446e+00
2.771954e+00 -4.771589e+00
-2.859793e+00 5.133228e+00
-2.866489e+00 -4.097744e+00
3.217418e+00 -2.839996e+00
3.355077e+00 3.385731e+00
2.512716e+00 -5.019814e+00
-2.604204e+00 3.801976e+00
-2.956634e+00 3.172693e+00
4.732158e+00 3.371717e+00
-3.207470e+00 2.895687e+00
-2.763320e+00 1.791074e+00
-3.030375e+00 -3.935751e+00
-3.167446e+00 2.927932e+00
-3.506664e+00 1.253568e+00
2.693929e+00 -4.783180e+00
-3.227179e+00 -4.357516e+00
2.734640e+00 3.035070e+00
-3.228950e+00 -4.215107e+00
3.362672e+00 2.862198e+00
2.531112e+00 2.499604e+00
3.663324e+00 3.508685e+00
2.101883e+00 3.041431e+00
1.799709e+00 2.725858e+00
3.116211e+00 -5.510058e+00
-3.343877e+00 -4.097220e+00
3.805445e+00 -2.175233e+00
-3.386749e+00 1.737521e+00
-2.671081e+00 3.533961e+00
-3.739817e+00 -4.200454e+00
-3.535018e+00 -3.969020e+00
3.401175e+00 3.227101e+00
2.149502e+00 3.439646e+00
-3.530356e+00 3.004271e+00
3.275772e+00 -3.194145e+00
-2.912837e+00 -4.472556e+00
4.036556e+00 3.360758e+00
3.671126e+00 2.965229e+00
-1.232233e+00 -3.201177e+00
-3.298756e+00 3.338047e+00
-4.434256e+00 -4.588976e+00
-3.066021e+00 1.769740e+00
2.726625e+00 3.280755e+00
4.833354e+00 3.196027e+00
2.879411e+00 -4.735570e+00
2.622249e+00 -6.061537e+00
-3.020566e+00 -4.413951e+00
2.698667e+00 -3.891373e+00
3.463204e+00 3.094493e+00
-2.405871e+00 -3.869198e+00
1.346887e+00 2.794483e+00
3.660327e+00 3.154351e+00
4.392929e+00 3.487890e+00
-3.016918e+00 3.425845e+00
4.743892e+00 3.122380e+00
-3.743885e+00 -4.403628e+00
-2.695921e+00 3.592922e+00
-3.500979e+00 -3.736846e+00
2.930948e+00 -4.913526e+00
-3.198721e+00 1.579249e+00
-3.210245e+00 2.682869e+00
2.708693e+00 3.179234e+00
-2.947645e+00 2.171300e+00
-3.308869e+00 2.571963e+00
3.676427e+00 -2.285439e+00
2.959073e+00 -4.548921e+00
3.588687e+00 3.417406e+00
-3.066972e+00 -3.741461e+00
-4.298494e+00 -4.353065e+00
3.278023e+00 3.005316e+00
2.069528e+00 2.912332e+00
2.909852e+00 -4.679583e+00
-3.268703e+00 1.536659e+00
-3.179848e+00 3.539420e+00
2.720343e+00 2.957823e+00
3.219496e+00 2.943968e+00
-2.773620e+00 -3.779896e+00
2.877471e+00 3.049639e+00
3.037173e+00 2.870428e+00
-1.848396e+00 -4.105924e+00
3.789151e+00 2.730759e+00
2.904251e+00 -6.220127e+00
-3.096306e+00 -4.436476e+00
-2.792035e+00 3.591298e+00
3.757235e+00 -4.219380e+00
2.868695e+00 -3.769934e+00
-2.539997e+00 3.477948e+00
2.853935e+00 2.383175e+00
-1.850972e+00 -4.078520e+00
-4.086893e+00 -4.361732e+00
3.009723e+00 -4.881674e+00
3.332303e+00 -4.697639e+00
3.099289e+00 3.301197e+00
2.930802e+00 -3.483533e+00
-3.516048e+00 1.786477e+00
2.766349e+00 -3.925651e+00
3.373746e+00 -2.799814e+00
2.729714e+00 -3.954705e+00
-2.663819e+00 -4.121647e+00
1.455137e-01 2.277089e+00
-2.072319e+00 -4.090232e+00
1.007558e+00 2.707688e+00
2.790181e+00 -3.533375e+00
3.645889e+00 -3.374495e+00
-2.886807e+00 -4.200892e+00
-4.168083e+00 -4.151912e+00
2.775625e+00 -5.334547e+00
-2.726697e+00 3.693268e+00
-2.901784e+00 -3.808379e+00
-4.631349e+00 -4.487019e+00
2.474366e+00 -5.384553e+00
-2.886810e+00 3.737317e+00
-3.266313e+00 2.748369e+00
-4.416518e+00 -4.270964e+00
-3.390592e+00 2.086838e+00
-2.297307e+00 -4.387635e+00
-2.666646e+00 4.961773e+00
-1.450999e+00 -4.356889e+00
4.142705e+00 3.365685e+00
-3.268586e+00 2.391647e+00
-2.820431e+00 4.129447e+00
3.573830e+00 -2.977057e+00
-3.078804e+00 2.847394e+00
2.360201e+00 -5.058075e+00
2.644052e+00 -3.808434e+00
-3.690876e+00 1.785519e+00
-8.660548e-01 -3.788942e+00
-2.723112e+00 4.422575e+00
4.001950e+00 2.974205e+00
-1.357273e+00 -3.786557e+00
-3.508706e+00 2.163259e+00
-1.651336e+00 -3.805642e+00
-3.980791e+00 -4.116385e+00
-8.730136e-01 -3.519239e+00
3.017521e+00 2.552884e+00
-2.656300e+00 -4.316177e+00
2.327489e+00 2.933121e+00
-2.974661e+00 2.764294e+00
2.918553e+00 -3.929485e+00
-3.041431e+00 3.397879e+00
3.332845e+00 -3.432675e+00
1.836925e+00 2.834981e+00
-3.156975e+00 2.006152e+00
-2.789222e+00 3.250378e+00
3.066640e+00 -3.362215e+00
-3.050466e+00 3.272148e+00
-7.778136e-01 2.456283e+00
3.015942e+00 2.921573e+00
-2.245805e+00 4.458019e+00
3.242885e+00 2.686647e+00
3.317448e+00 -3.263361e+00
-2.253991e+00 -3.845233e+00
-3.292300e+00 3.740107e+00
-3.644104e+00 -3.968604e+00
2.341529e+00 2.778745e+00
-2.867717e+00 3.145087e+00
3.678385e+00 3.498234e+00
-2.303065e+00 -3.664980e+00
-3.206711e+00 -4.351976e+00
-3.990490e+00 -3.764948e+00
-3.639634e+00 2.961508e+00
-3.638924e+00 -4.052895e+00
-3.295434e+00 3.128344e+00
-2.323726e+00 -4.429988e+00
-3.372878e+00 2.464420e+00
-3.180900e+00 2.743269e+00
-2.659775e+00 4.409656e+00
-3.336008e+00 3.477579e+00
-2.830363e+00 -3.571048e+00
3.223068e+00 3.020646e+00
3.059641e+00 -3.515594e+00
3.088514e+00 -2.832183e+00
-2.495106e+00 3.672798e+00
-4.186420e+00 -3.951071e+00
2.883700e+00 2.888445e+00
-3.500331e+00 -4.500830e+00
-2.706766e+00 -3.899412e+00
3.004301e+00 -3.627355e+00
-2.691120e+00 3.488717e+00
2.983889e+00 -3.698644e+00
-2.423606e+00 -4.078098e+00
2.644748e+00 2.902341e+00
-4.372351e+00 -4.382376e+00
-2.883887e+00 5.596823e+00
3.089423e+00 3.239670e+00
-3.200802e+00 1.845170e+00
2.868673e+00 -4.286105e+00
3.208789e+00 2.930432e+00
2.755367e+00 3.298233e+00
-4.149996e+00 -4.145797e+00
-2.935007e+00 3.838635e+00
2.990033e+00 -4.057552e+00
-3.018300e+00 3.054784e+00
-4.069948e+00 -4.446654e+00
-3.012200e+00 2.239038e+00
-3.035878e+00 2.420616e+00
3.114545e+00 -3.471014e+00
3.095769e+00 3.284814e+00
3.972280e+00 3.057131e+00
3.503522e+00 -2.466947e+00
-8.172100e-01 -3.491361e+00
3.292003e+00 3.072430e+00
-2.302748e+00 -3.753366e+00
-2.760674e+00 3.794188e+00
-4.602097e+00 -3.951740e+00
-2.523604e+00 4.219324e+00
3.047046e+00 -3.195517e+00
-3.452405e+00 -4.204712e+00
-3.063996e+00 -4.268052e+00
-3.244222e+00 2.355644e+00
1.217874e+00 3.045404e+00
2.612756e+00 3.289723e+00
2.646724e+00 2.976074e+00
2.940481e+00 3.115150e+00
2.879925e+00 -3.786490e+00
-1.842955e+00 -3.387051e+00
1.237223e+00 2.755208e+00
2.990925e+00 -2.198530e+00
2.563017e+00 2.947254e+00
3.450112e+00 -1.404532e+00
-4.528708e+00 -4.040712e+00
3.178123e+00 -4.982925e+00
-3.256461e+00 1.977090e+00
2.836019e+00 -3.734999e+00
-2.784408e+00 -3.723393e+00
-2.972785e+00 3.223277e+00
-2.956152e+00 3.608575e+00
-2.966670e+00 3.686624e+00
3.330595e+00 3.288874e+00
2.609631e+00 -5.313176e+00
2.956005e+00 -3.503704e+00
-2.752215e+00 -4.051781e+00
-3.326937e+00 2.733840e+00
-1.271212e+00 -3.616186e+00
-3.362114e+00 2.533027e+00
2.630973e+00 -4.639461e+00
2.361165e+00 3.046178e+00
-4.259196e+00 -4.544817e+00
-1.763308e+00 -3.717905e+00
-2.195202e+00 -3.563048e+00
2.291050e+00 2.787471e+00
2.888143e+00 -3.003154e+00
3.038107e+00 -3.530024e+00
-3.023936e+00 -4.140037e+00
3.043082e+00 -4.036385e+00
2.197665e+00 2.833068e+00
-2.735181e+00 4.480964e+00
2.688672e+00 -5.766273e+00
-4.188576e+00 -4.201543e+00
-3.129060e+00 2.823053e+00
-3.274458e+00 -4.180256e+00
2.862213e+00 -3.823392e+00
2.355042e+00 3.393129e+00
4.320297e+00 3.360493e+00
2.579498e+00 3.034513e+00
3.807431e+00 2.919539e+00
2.615564e+00 -4.789730e+00
3.328494e+00 -2.532160e+00
3.559150e+00 -2.585975e+00
2.682705e+00 -4.967096e+00
2.296750e+00 2.785963e+00
2.118348e+00 2.632552e+00
2.872979e+00 -3.965186e+00
2.890966e+00 -4.001100e+00
2.892172e+00 -3.836136e+00
-3.219991e+00 -3.920697e+00
1.530847e+00 2.482693e+00
-1.208055e+00 -3.378200e+00
-2.755302e+00 4.132995e+00
-2.500373e+00 -4.161563e+00
-3.800144e+00 -4.333095e+00
2.546759e+00 -5.175498e+00
3.188895e+00 2.913216e+00
2.914486e+00 -3.860201e+00
-2.578475e+00 -4.000406e+00
-3.024939e+00 -4.036494e+00
4.293930e+00 3.155208e+00
3.012931e+00 -3.409537e+00
3.232586e+00 3.293973e+00
3.454189e+00 -3.816629e+00
-2.378830e+00 3.458284e+00
-3.842134e+00 -4.197823e+00
-2.905066e+00 3.782126e+00
-2.129501e+00 -3.698602e+00
4.313418e+00 3.245174e+00
-3.907293e+00 -3.645910e+00
-3.011183e+00 1.864852e+00
-3.220842e+00 2.019027e+00
2.404070e+00 2.664697e+00
2.442498e+00 3.344273e+00
-2.146245e+00 -3.672994e+00
2.583610e+00 -4.478572e+00
2.759303e+00 -6.457626e+00
-2.802848e+00 -3.586089e+00
-3.254085e+00 3.086021e+00
-3.365995e+00 3.747776e+00
2.558352e+00 -3.675871e+00
-2.433329e+00 -3.794116e+00
3.911961e+00 3.333403e+00
-3.129325e-01 2.749672e+00
-4.046610e+00 -4.232170e+00
3.600092e+00 2.532219e+00
-2.923161e+00 -4.286837e+00
-3.349179e+00 -4.085763e+00
-3.207308e+00 2.602592e+00
3.338304e+00 3.323312e+00