-4.570879e+00 -4.217545e+00
-4.620083e+00 -4.285950e+00
2.607461e+00 2.839301e+00
3.385021e+00 -2.378440e+00
-2.439358e+00 3.482617e+00
3.535814e+00 -3.620164e+00
1.875573e+00 2.502688e+00
-3.145183e+00 2.718202e+00
3.236758e+00 -4.037789e+00
2.570339e+00 2.825482e+00
-3.121848e+00 3.611710e+00
-3.054113e+00 1.856670e+00
2.195319e+00 -5.892296e+00
-3.265317e+00 -3.919862e+00
-2.682007e+00 2.783450e+00
1.852832e+00 2.360743e+00
1.337762e+00 2.761609e+00
3.182162e+00 3.053727e+00
-5.940449e+00 -4.556679e+00
-3.141158e+00 -4.103203e+00
3.216565e+00 -3.806807e+00
-3.241130e+00 -4.224086e+00
-4.539020e+00 -4.234107e+00
2.721459e+00 -4.376896e+00
-2.977445e+00 2.213407e+00
-2.444970e+00 4.590886e+00
3.438202e+00 -3.279938e+00
-3.188265e+00 -4.099604e+00
-4.552960e+00 -4.383302e+00
-3.578107e+00 1.830114e+00
-2.757039e+00 2.410629e+00
3.572035e+00 -2.334414e+00
-2.455424e+00 -3.321196e+00
-3.128690e+00 2.131440e+00
3.157002e+00 -3.095152e+00
2.403196e+00 2.859359e+00
3.214261e+00 2.688433e+00
2.337798e+00 3.016283e+00
2.953384e+00 -4.573249e+00
2.585152e+00 -5.336928e+00
2.582369e+00 -5.415144e+00
2.413175e+00 2.749926e+00
3.880356e+00 3.095793e+00
3.373044e+00 -3.497997e+00
3.124712e+00 -2.977677e+00
4.509796e+00 3.326153e+00
2.875269e+00 -4.382548e+00
-2.955450e+00 2.254222e+00
-3.080658e+00 4.092525e+00
-2.948492e+00 2.020996e+00
-2.626351e+00 3.858470e+00
-2.850023e+00 3.669404e+00
-3.207549e+00 3.752412e+00
-1.521357e+00 -3.652572e+00
2.628657e+00 -4.685483e+00
-2.330780e+00 -3.478567e+00
3.684439e+00 2.876853e+00
3.035386e+00 -3.492741e+00
2.808306e+00 -3.208592e+00
-5.678225e+00 -4.253813e+00
2.650769e+00 -6.343345e+00
2.839439e+00 -5.729228e+00
-2.776417e+00 4.773297e+00
8.320310e-01 2.856206e+00
2.869563e+00 2.698925e+00
-5.106808e+00 -4.386516e+00
-4.613453e+00 -4.051834e+00
-1.575942e+00 -3.312320e+00
1.715308e+00 2.673839e+00
3.017745e+00 -5.504005e+00
-3.018096e+00 -3.563927e+00
-3.224121e+00 1.971492e+00
2.790633e+00 -5.204944e+00
-2.820415e+00 -3.868776e+00
3.311989e+00 -4.363820e+00
-3.560333e+00 1.055893e+00
-2.952359e+00 3.550205e+00
3.927185e+00 3.153844e+00
-1.538526e+00 -3.765134e+00
3.157200e+00 -4.331269e+00
3.593416e+00 -2.561695e+00
2.914028e+00 -2.420913e+00
3.207281e+00 -5.026450e+00
-2.408108e+00 3.429096e+00
-4.545050e+00 -4.677612e+00
-3.182922e+00 1.191299e+00
3.819641e+00 3.144713e+00
-2.804136e+00 2.411748e+00
3.335183e+00 2.855093e+00
2.504746e+00 2.743298e+00
3.488432e+00 2.695484e+00
-3.518575e+00 -4.025732e+00
3.139363e+00 -2.100707e+00
-3.359321e+00 -4.007994e+00
-2.381429e+00 3.623440e+00
4.811207e+00 3.407234e+00
3.022191e+00 -4.442835e+00
-3.000866e+00 -4.250431e+00
-2.698938e+00 -4.195447e+00
2.428765e+00 -5.628464e+00
2.875969e+00 -4.649886e+00
4.678689e+00 3.489057e+00
-2.328030e+00 -3.953290e+00
3.209180e+00 3.029754e+00
-1.237825e+00 -3.543625e+00
-1.436353e+00 -3.837841e+00
3.365342e+00 2.749416e+00
-3.102780e+00 1.938605e+00
4.357903e+00 3.162234e+00
3.513562e+00 3.494174e+00
2.795325e+00 -3.852020e+00
-3.465905e+00 2.462590e+00
-3.073611e+00 2.759748e+00
2.840976e+00 -3.374646e+00
3.297276e+00 -4.284779e+00
3.367528e+00 3.278844e+00
2.496341e+00 3.169503e+00
3.322588e+00 -3.827057e+00
-2.155842e+00 -4.034733e+00
-3.730493e+00 -4.343140e+00
-2.418128e+00 3.293612e+00
2.511960e+00 2.958402e+00
3.211989e+00 -3.104031e+00
-3.145336e+00 -4.039348e+00
-3.101107e+00 1.864761e+00
2.891954e+00 3.297799e+00
3.153382e+00 3.111705e+00
-3.400104e+00 1.407247e+00
-3.922982e+00 -4.044794e+00
-3.528741e+00 -4.193615e+00
-4.105983e+00 -4.463160e+00
1.859242e+00 3.076196e+00
-3.323165e+00 -3.931047e+00
-3.752914e+00 -4.407811e+00
3.269607e+00 -3.775870e+00
-3.060821e+00 2.630262e+00
-2.987162e+00 -3.871077e+00
2.604087e+00 -5.482646e+00
-2.463072e+00 2.261549e+00
-3.109822e+00 2.816221e+00
-2.693700e+00 3.265184e+00
2.433155e+00 -4.129543e+00
-2.030014e+00 -3.819020e+00
4.955199e+00 3.509732e+00
-3.321434e+00 -4.235396e+00
-3.457291e+00 1.225562e+00
-3.346205e+00 -4.118106e+00
1.291004e+00 2.580077e+00
2.817190e+00 -4.453551e+00
-1.496076e+00 -3.499052e+00
-2.995026e+00 3.055386e+00
-3.554567e+00 -3.766238e+00
-3.040606e+00 2.487493e+00
3.043741e+00 -2.971436e+00
-2.171566e+00 -3.977044e+00
2.965547e+00 -5.733133e+00
-5.039344e+00 -4.332239e+00
-3.378351e+00 2.533420e+00
2.217213e+00 2.566138e+00
3.190177e+00 -3.816674e+00
2.893600e+00 3.306598e+00
3.463871e+00 -1.054169e+00
1.173844e+00 2.741793e+00
2.994486e+00 2.808928e+00
-2.787880e+00 -4.048039e+00
-3.608445e+00 -4.233836e+00
2.711107e+00 2.971369e+00
3.541580e+00 -2.081015e+00
-2.496583e+00 3.550356e+00
-4.298952e+00 -4.317130e+00
3.223109e+00 -4.692316e+00
-2.751067e+00 3.281246e+00
3.674676e+00 2.584770e+00
-2.258072e+00 -3.835175e+00
-2.900925e+00 -3.975032e+00
2.717139e+00 2.951410e+00
3.175198e+00 -2.710423e+00
2.450506e+00 -6.648212e+00
4.285299e+00 3.210964e+00
-3.284371e+00 -3.888696e+00
-2.597466e+00 3.537033e+00
-2.259764e+00 -3.580814e+00
1.555033e+00 2.517943e+00
-2.555584e+00 -4.047257e+00
-2.595765e+00 2.691033e+00
3.807100e+00 3.556251e+00
-2.984742e+00 -3.959672e+00
-3.130734e+00 2.528756e+00
-2.859308e+00 -3.740415e+00
-4.301612e+00 -4.283933e+00
2.587913e+00 2.592414e+00
-3.395628e+00 3.145603e+00
2.732730e+00 -4.866985e+00
-3.201865e+00 1.398616e+00
3.112987e+00 -4.238247e+00
2.923491e+00 3.503554e+00
4.206761e+00 3.447799e+00
2.945594e+00 3.325439e+00
3.123957e+00 3.358263e+00
-2.887426e+00 1.684645e+00
2.408480e+00 -5.816202e+00
3.450982e+00 -3.006642e+00
-2.894182e+00 2.578854e+00
-1.564665e+00 -4.007707e+00
1.825105e+00 -5.690629e+00
4.437855e+00 3.464454e+00
-3.201294e+00 2.395107e+00
1.204297e+00 2.495358e+00
2.012778e+00 2.646197e+00
-3.115262e+00 2.083073e+00
2.313215e+00 -5.309754e+00
3.135114e+00 -3.682526e+00
-2.590853e+00 4.552258e+00
-1.104178e+00 -3.757555e+00
-3.297591e+00 2.349464e+00
3.084097e+00 -3.235368e+00
-2.990654e+00 2.604104e+00
-3.217865e+00 -4.081470e+00
2.163683e+00 3.056802e+00
3.431131e+00 2.522621e+00
-2.830210e+00 3.242808e+00
3.091140e+00 -2.999425e+00
2.850787e+00 -4.452824e+00
3.232229e+00 -5.166668e+00
3.137206e+00 3.131826e+00
3.247485e+00 -4.364576e+00
3.236492e+00 -2.919009e+00
3.071019e+00 -4.044547e+00
-2.411458e+00 -4.117261e+00
-3.299512e+00 -3.971510e+00
-2.149851e+00 4.352104e+00
-4.011098e+00 -4.152447e+00
2.681681e+00 2.846089e+00
-2.748427e+00 3.865350e+00
4.858788e+00 3.282564e+00
-2.923338e+00 4.149363e+00
3.036587e+00 -4.194005e+00
2.707716e+00 2.901942e+00
3.952869e+00 2.801776e+00
-1.565433e+00 -3.696957e+00
3.350851e+00 -2.571736e+00
4.297167e+00 3.498730e+00
3.316750e+00 -2.791698e+00
2.944088e+00 2.852881e+00
3.320818e+00 3.062195e+00
-2.497265e+00 2.984954e+00
2.278560e+00 2.701144e+00
2.666651e+00 -5.546923e+00
2.813809e+00 2.821303e+00
2.378752e+00 -3.457117e+00
3.886877e+00 3.226052e+00
-2.595180e+00 -4.009675e+00
-3.274367e+00 3.004638e+00
-3.490153e+00 -3.939983e+00
1.611169e+00 3.045991e+00
-1.200391e+00 -3.690143e+00
2.734892e+00 3.394790e+00
3.124464e+00 -4.518091e+00
-1.613941e+00 -3.789717e+00
-1.375476e+00 -3.863977e+00
-2.706649e+00 2.870406e+00
-3.109400e+00 3.565228e+00
-2.830058e+00 3.757785e+00
-2.542402e+00 -4.080393e+00
4.085942e+00 3.239611e+00
-2.603073e+00 -3.875094e+00
1.201650e+00 2.953650e+00
2.971702e+00 -3.608677e+00
-2.882550e+00 3.122515e+00
1.070808e+00 2.731999e+00
-2.839284e+00 3.321187e+00
-1.465578e+00 -3.535099e+00
3.617434e+00 -1.061912e+00
3.257189e+00 2.847038e+00
1.786156e+00 2.950067e+00
-3.441053e+00 3.183252e+00
2.541365e+00 -4.797901e+00
2.610154e+00 2.918640e+00
2.358242e+00 3.131597e+00
-4.609473e+00 -4.308123e+00
-2.759163e+00 5.488154e+00
-2.513479e+00 -3.823625e+00
2.921596e+00 -3.716041e+00
2.045393e+00 2.608557e+00
-1.562899e+00 -3.595195e+00
2.172925e+00 3.094098e+00
3.323657e+00 -3.352256e+00
-2.188885e+00 -4.141431e+00
4.615561e+00 3.681167e+00
2.358439e+00 2.664959e+00
3.157315e+00 -5.048974e+00
3.159694e+00 2.799384e+00
-2.977985e+00 3.637782e+00
2.634430e+00 -4.853279e+00
3.567541e+00 -1.829134e+00
2.425711e+00 -4.910750e+00
-3.408457e+00 2.891953e+00
1.560963e+00 3.113303e+00
3.246628e+00 -3.207013e+00
-2.802006e+00 3.082308e+00
2.039812e+00 2.801848e+00
-3.028844e+00 2.474874e+00
3.617632e+00 2.561047e+00
-4.784948e+00 -4.381473e+00
-2.757420e-01 -2.857409e+00
1.771218e+00 2.841033e+00
-3.783091e+00 -3.944301e+00
3.883124e+00 2.944027e+00
3.292538e+00 2.996910e+00
3.270027e+00 -2.579640e+00
2.934754e+00 -5.266032e+00
-3.580193e+00 -3.720915e+00
-3.746575e+00 -3.709524e+00
3.149693e+00 -4.099000e+00
3.212037e+00 -3.195399e+00
3.624970e+00 -2.237865e+00
2.898614e+00 -3.936004e+00
-2.941959e+00 2.311923e+00
3.554715e+00 2.958562e+00
3.484035e+00 3.389926e+00
3.503081e+00 -2.029758e+00
-3.108721e+00 3.276761e+00
4.074191e+00 3.223201e+00
-2.955689e+00 -3.916237e+00
3.319630e+00 3.117014e+00
-2.063067e+00 -3.528391e+00
-2.636564e+00 3.497850e+00
3.265075e+00 -3.361434e+00
-3.040857e+00 -4.430905e+00
2.854628e+00 2.833712e+00
-3.166380e+00 2.609018e+00
-2.969538e+00 -3.923709e+00
1.537263e+00 2.740254e+00
2.781028e+00 -4.829386e+00
2.322938e+00 2.931134e+00
-2.855089e+00 -3.990960e+00
3.229080e+00 -3.861399e+00
3.750703e+00 3.999152e+00
-3.797347e+00 -3.760778e+00
-2.153844e+00 -4.011733e+00
-2.747201e+00 3.158890e+00
2.273352e+00 2.623046e+00
-3.207511e+00 1.866018e+00
-2.762529e+00 4.800749e+00
-3.445916e+00 -4.227536e+00
-3.018821e+00 2.576819e+00
-3.546029e+00 -3.980354e+00
3.188101e+00 3.287051e+00
-3.245405e+00 -4.029583e+00
3.355486e+00 -1.746548e+00
2.218669e+00 3.245375e+00
-3.180096e+00 9.865552e-01
3.273995e+00 -4.109581e+00
-2.679645e+00 4.622268e+00
2.598056e+00 -4.926904e+00
-2.788352e+00 3.732207e+00
3.556772e+00 3.289640e+00
3.284550e+00 -3.334553e+00
-5.279562e+00 -4.673952e+00
-2.805361e+00 3.241824e+00
2.987023e+00 -4.454406e+00
-3.037353e+00 2.065791e+00
-1.389949e+00 -3.329161e+00
3.220666e+00 -3.186457e+00
-4.236548e+00 -4.629175e+00
2.870502e+00 -3.729226e+00
-2.668175e+00 3.773040e+00
-2.763497e+00 2.508811e+00
2.623642e+00 2.882597e+00
-3.772054e+00 1.917945e+00
-3.596966e+00 -4.480982e+00
3.168507e+00 2.763207e+00
-4.031157e+00 -4.418496e+00
-2.774397e+00 -3.696801e+00
3.155492e+00 -4.490533e+00
3.299935e+00 -2.132200e+00
3.000587e+00 -3.555733e+00
1.773957e+00 3.255310e+00
2.934567e+00 -4.133359e+00
-2.156309e+00 4.964864e+00
-2.850278e+00 3.710856e+00
3.096976e+00 -4.472902e+00
3.430862e+00 -2.687446e+00
-2.971714e+00 3.259611e+00
1.200749e+00 2.642327e+00
-3.245902e+00 2.571804e+00
1.578600e+00 2.524122e+00
2.630552e+00 2.841553e+00
-8.917377e-01 -3.546820e+00
-3.275004e+00 1.449393e+00
4.513931e+00 3.188258e+00
2.903084e+00 -4.454774e+00
-3.006146e+00 -4.110258e+00
-1.352732e+00 -4.087398e+00
2.819033e+00 -4.739621e+00
2.740997e+00 -4.011603e+00
-3.999274e+00 -4.389731e+00
-2.434997e+00 -4.032519e+00
-2.749670e+00 5.051957e+00
-2.449675e+00 4.287182e+00
-3.794913e+00 -4.302449e+00
-3.233043e+00 2.539054e+00
2.912342e+00 2.932310e+00
-2.806710e+00 1.840741e+00
4.859774e+00 3.088877e+00
4.458638e+00 3.164774e+00
-2.454212e+00 -4.067191e+00
-2.483548e+00 2.450267e+00
1.322917e+00 2.317316e+00
-2.558678e+00 5.054641e+00
3.305341e+00 -3.447276e+00
3.597869e+00 -2.373684e+00
-3.394152e+00 3.013051e+00
2.644242e+00 2.666012e+00
-2.674743e+00 -3.862934e+00
-3.305856e+00 2.836194e+00
2.693152e+00 -4.005497e+00
-1.714416e+00 -3.354663e+00
3.264038e+00 -3.729102e+00
3.106288e+00 -3.930418e+00
3.750100e+00 3.291066e+00
-2.276966e+00 3.770902e+00
3.075006e+00 2.831600e+00
3.519290e+00 -2.252311e+00
2.862373e+00 -4.686903e+00
3.585043e+00 3.285566e+00
-3.478908e+00 -4.133643e+00
-2.814041e+00 3.353032e+00
3.047943e+00 3.004137e+00
-2.563092e+00 3.856561e+00
-2.971088e+00 -4.418766e+00
3.040289e+00 -3.961110e+00
2.632924e+00 -5.429997e+00
-3.685812e+00 -3.978826e+00
-2.842972e+00 4.820036e+00
2.852648e+00 -4.924369e+00
2.373899e+00 2.751297e+00
2.885023e+00 2.301592e+00
2.695648e+00 2.499746e+00
-3.271312e+00 2.281581e+00
-2.811765e+00 4.259355e+00
3.365591e+00 -2.316293e+00
-3.363870e+00 -3.670352e+00
1.362561e+00 2.669273e+00
2.793148e+00 -4.719897e+00
-3.614020e+00 6.508877e-01
-2.675100e+00 -3.880787e+00
-3.593909e+00 -4.092648e+00
3.300699e+00 2.683958e+00
3.001585e+00 -4.902528e+00
-2.976003e+00 2.214396e+00
2.738664e+00 -3.922442e+00
-1.526476e+00 -3.357387e+00
-2.681033e+00 2.413513e+00
-2.927369e+00 -4.022974e+00
3.278462e+00 2.802895e+00
1.984883e+00 3.229048e+00
-3.121189e+00 3.031636e+00
9.967418e-01 2.957835e+00
3.081543e+00 -2.575426e+00
2.819886e+00 -5.108345e+00
5.255627e+00 3.628812e+00
1.855239e+00 2.513691e+00
2.736789e+00 -4.208838e+00
3.146535e+00 -4.000443e+00
3.855955e+00 3.252287e+00
2.907607e+00 2.896007e+00
3.680701e+00 3.079793e+00
-3.115625e+00 2.880850e+00
-4.102870e+00 -3.970927e+00
-2.477535e+00 3.666851e+00
-3.369750e+00 1.799022e+00
3.172668e+00 -3.392857e+00
-3.172467e+00 2.626670e+00
3.075930e+00 -4.574686e+00
2.960804e+00 3.240163e+00
2.824396e+00 2.922356e+00
-3.490583e+00 2.208590e+00
2.884812e+00 -4.424403e+00
-3.023560e+00 1.829622e+00
3.146747e+00 2.731087e+00
-2.695457e+00 4.535311e+00
3.126902e+00 2.936701e+00
-1.564234e+00 -3.845916e+00
4.091928e+00 3.019923e+00
2.700963e+00 -5.326403e+00
2.839333e+00 -4.769188e+00
-2.266294e+00 -3.743433e+00
-2.827084e+00 -3.848739e+00
3.047265e+00 3.034428e+00
-2.411636e+00 4.966418e+00
3.021752e+00 -4.682250e+00
-2.856172e+00 4.410003e+00
-2.708072e+00 4.320590e+00
-2.211597e+00 -3.721289e+00
-3.076790e+00 2.844229e+00
-2.685539e+00 5.400858e+00
-3.472264e+00 2.701122e+00
-3.283509e+00 -3.642569e+00
-2.443251e+00 -3.702567e+00
3.466184e+00 3.509929e+00
3.507577e+00 3.195820e+00
3.265422e+00 -3.472069e+00
-2.668868e+00 -4.129843e+00
3.660333e+00 -2.186819e+00
2.824886e+00 -5.422300e+00
2.653965e+00 -4.079216e+00
4.510517e+00 3.568376e+00
-3.337669e+00 -3.995198e+00
-3.032214e+00 2.430599e+00
-2.699195e+00 3.605081e+00
2.414445e+00 3.103703e+00
2.339670e+00 2.908093e+00
3.229831e+00 -3.422528e+00
-3.146010e+00 2.793201e+00
-2.519478e+00 2.588633e+00
2.315004e+00 2.938037e+00
4.082319e+00 3.065338e+00
-3.366541e+00 -3.865966e+00
1.237699e+00 2.650149e+00
-3.040836e+00 3.317474e+00
-3.377795e+00 -4.538934e+00
2.867485e+00 -4.487391e+00
4.969668e+00 3.668004e+00
-3.157652e+00 3.850955e+00
-3.309125e+00 4.010417e+00
3.687536e+00 -5.200839e+00
1.914301e+00 2.746722