-4.570879e+00 -4.217545e+00
-4.620083e+00 -4.285950e+00
2.607461e+00 2.839301e+00
3.385021e+00 -2.378440e+00
-2.439358e+00 3.482617e+00
3.535814e+00 -3.620164e+00
1.875573e+00 2.502688e+00
-3.145183e+00 2.718202e+00
3.236758e+00 -4.037789e+00
2.570339e+00 2.825482e+00
-3.121848e+00 3.611710e+00
-3.054113e+00 1.856670e+00
2.195319e+00 -5.892296e+00
-3.265317e+00 -3.919862e+00
-2.682007e+00 2.783450e+00
1.852832e+00 2.360743e+00
1.337762e+00 2.761609e+00
3.182162e+00 3.053727e+00
-5.940449e+00 -4.556679e+00
-3.141158e+00 -4.103203e+00
3.216565e+00 -3.806807e+00
-3.241130e+00 -4.224086e+00
-4.539020e+00 -4.234107e+00
2.721459e+00 -4.376896e+00
-2.977445e+00 2.213407e+00
-2.444970e+00 4.590886e+00
3.438202e+00 -3.279938e+00
-3.188265e+00 -4.099604e+00
-4.552960e+00 -4.383302e+00
-3.578107e+00 1.830114e+00